case_cpu
data has size x: 10, y: 10
 border sizes are x: 1, y: 1
0	0	1	2	3	4	5	6	7	7	
0	0	1	2	3	4	5	6	7	7	
0	0	2	4	6	8	10	12	14	14	
0	0	3	6	9	12	15	18	21	21	
0	0	4	8	12	16	20	24	28	28	
0	0	5	10	15	20	25	30	35	35	
0	0	6	12	18	24	30	36	42	42	
0	0	7	14	21	28	35	42	49	49	
0	0	8	16	24	32	40	48	56	56	
0	0	8	16	24	32	40	48	56	56	

data has size x: 10, y: 10
 border sizes are x: 1, y: 1
0.1	0.1	1.1	2.2	3.3	4.4	5.5	6.6	7.6	7.6	
0.1	0.1	1.1	2.2	3.3	4.4	5.5	6.6	7.6	7.6	
0.2	0.2	2	4	6	8	10	12	13.8	13.8	
0.3	0.3	3	6	9	12	15	18	20.7	20.7	
0.4	0.4	4	8	12	16	20	24	27.6	27.6	
0.5	0.5	5	10	15	20	25	30	34.5	34.5	
0.6	0.6	6	12	18	24	30	36	41.4	41.4	
0.7	0.7	7	14	21	28	35	42	48.3	48.3	
0.8	0.8	7.9	15.8	23.7	31.6	39.5	47.4	54.5	54.5	
0.8	0.8	7.9	15.8	23.7	31.6	39.5	47.4	54.5	54.5	

data has size x: 10, y: 10
 border sizes are x: 1, y: 1
15.7504	15.7504	15.7504	15.7504	15.7504	15.7504	15.7504	15.7504	15.7504	15.7504	
15.7504	15.7504	15.7504	15.7504	15.7504	15.7504	15.7504	15.7504	15.7504	15.7504	
15.7504	15.7504	15.7504	15.7504	15.7504	15.7504	15.7504	15.7504	15.7504	15.7504	
15.7504	15.7504	15.7504	15.7504	15.7504	15.7504	15.7504	15.7504	15.7504	15.7504	
15.7504	15.7504	15.7504	15.7504	15.7504	15.7504	15.7504	15.7504	15.7504	15.7504	
15.7504	15.7504	15.7504	15.7504	15.7504	15.7504	15.7504	15.7504	15.7504	15.7504	
15.7504	15.7504	15.7504	15.7504	15.7504	15.7504	15.7504	15.7504	15.7504	15.7504	
15.7504	15.7504	15.7504	15.7504	15.7504	15.7504	15.7504	15.7504	15.7505	15.7505	
15.7504	15.7504	15.7504	15.7504	15.7504	15.7504	15.7504	15.7505	15.7505	15.7505	
15.7504	15.7504	15.7504	15.7504	15.7504	15.7504	15.7504	15.7505	15.7505	15.7505	

